  (0, 5294)	1.0
  (0, 6138)	1.0
  (0, 8769)	1.0
  (0, 9369)	1.0
  (0, 11389)	1.0
  (0, 13131)	1.0
  (0, 13896)	1.0
  (1, 31)	1.0
  (1, 2800)	1.0
  (1, 5377)	1.0
  (1, 7354)	1.0
  (1, 8811)	1.0
  (1, 9065)	1.0
  (1, 14588)	1.0
  (2, 236)	1.0
  (2, 686)	1.0
  (2, 1263)	1.0
  (2, 2167)	1.0
  (2, 2601)	1.0
  (2, 6355)	1.0
  (2, 6998)	1.0
  (2, 7807)	1.0
  (2, 8690)	1.0
  (2, 10421)	1.0
  (2, 12106)	1.0
  :	:
  (67346, 6999)	1.0
  (67346, 8403)	1.0
  (67346, 11565)	1.0
  (67346, 13131)	1.0
  (67347, 210)	1.0
  (67347, 9439)	1.0
  (67347, 14156)	1.0
  (67348, 31)	1.0
  (67348, 34)	1.0
  (67348, 210)	1.0
  (67348, 686)	1.0
  (67348, 1242)	1.0
  (67348, 2809)	1.0
  (67348, 5134)	1.0
  (67348, 7034)	1.0
  (67348, 8098)	1.0
  (67348, 8602)	1.0
  (67348, 8769)	1.0
  (67348, 8823)	1.0
  (67348, 8989)	1.0
  (67348, 11541)	1.0
  (67348, 12619)	1.0
  (67348, 13131)	1.0
  (67348, 13188)	1.0
  (67348, 13309)	1.0
